Wavelength, Csca, Csca_p, Csca_m, Csca_Qe, Csca_Qm
nm, nm2, nm2, nm2, nm2, nm2
1000, 13677.3, 12625.1, 1079.57, 8.26102, 0.109292
985.222, 14847.7, 13562.5, 1315.67, 9.29417, 0.142447
970.874, 16134.8, 14559.2, 1608.93, 10.4318, 0.15698
956.938, 17557.4, 15618.6, 1975.43, 11.7038, 0.218624
943.396, 19142.1, 16744.2, 2437.65, 13.0979, 0.230352
930.233, 20920.5, 17939.4, 3023.9, 14.6542, 0.326361
917.431, 22940.1, 19208.3, 3777.31, 16.357, 0.345854
904.977, 25259.4, 20554.7, 4752.51, 18.2503, 0.476956
892.857, 27970, 21982.8, 6035.91, 20.3238, 0.527675
881.057, 31192.3, 23497.1, 7743.56, 22.615, 0.68968
869.565, 35118.8, 25101.9, 10061.4, 25.1313, 0.810354
858.369, 40027.1, 26802.1, 13261.5, 27.8923, 0.999386
847.458, 46368.2, 28602.2, 17786.5, 30.9347, 1.24408
836.82, 54859.2, 30506.6, 24344.8, 34.2508, 1.46928
826.446, 66695.9, 32519.1, 34119.1, 37.9139, 1.90567
816.327, 83908.6, 34641.5, 49122.4, 41.8874, 2.20888
806.452, 109833, 36871.9, 72665.5, 46.2787, 2.90622
796.813, 149455, 39201, 109698, 51.0315, 3.35054
787.402, 206705, 41611.9, 164120, 56.2732, 4.2172
778.21, 272658, 44103, 227038, 61.9504, 4.54625
769.231, 310725, 46752.2, 262065, 68.1834, 4.73908
760.456, 294116, 49682.8, 242547, 74.955, 4.74639
751.88, 248322, 52903, 193845, 82.3442, 4.84042
743.494, 205099, 56350.3, 147511, 90.4075, 5.97557
735.294, 173746, 59994.7, 112793, 99.1493, 6.67828
727.273, 152950, 63839.2, 88350.7, 108.731, 8.99683
719.424, 139669, 67898.9, 71164.5, 119.062, 10.211
711.744, 131516, 72193, 58820.9, 130.421, 13.7671
704.225, 126907, 76741.2, 49752.1, 142.63, 15.8686
696.864, 124819, 81563.8, 42896.7, 156.062, 20.8759
689.655, 124604, 86680.9, 37616.7, 170.495, 24.8334
682.594, 125833, 92112, 33444, 186.34, 31.5628
675.676, 128229, 97874.4, 30103.8, 203.414, 39.1825
668.896, 131590, 103981, 27371.5, 222.065, 48.1155
662.252, 135785, 110435, 25115.3, 242.265, 62.4878
655.738, 140678, 117223, 23221.1, 264.175, 74.8741
649.351, 146180, 124304, 21615.9, 288.042, 101.176
643.087, 152105, 131591, 20241.4, 313.712, 120.489
636.943, 158305, 138920, 19050.3, 341.791, 167.707
630.915, 164397, 146010, 18014.4, 371.703, 203.379
625, 169992, 152404, 17099.1, 404.41, 288.776
619.195, 174279, 157404, 16291.7, 438.864, 366.641
613.497, 176373, 160011, 15565.9, 476.241, 529.655
607.903, 174892, 158945, 14915.8, 515.124, 726.169
602.41, 168612, 152832, 14322.2, 556.769, 1081.94
597.015, 156557, 140663, 13780.5, 600.003, 1668.31
591.716, 138962, 122462, 13280.4, 646.435, 2687.69
586.51, 118258, 99775.5, 12820.3, 696.533, 5025.48
581.395, 98467.9, 75450.8, 12405.8, 752.677, 9888.47
576.369, 90969.5, 52623.9, 12064.7, 819.113, 25397
571.429, 92428.6, 33596.3, 11743, 896.456, 46060.9
566.572, 64612.3, 19341.4, 11230, 974.889, 32968.6
561.798, 36360.3, 9720.69, 10767, 1060.93, 14680.9
557.103, 24310.8, 3992.46, 10371.2, 1165.61, 8699.8
552.486, 17882.1, 1246.08, 10007.9, 1283.3, 5238.89
547.945, 15675.1, 644.548, 9646.16, 1422.21, 3870.06
543.478, 15311.3, 1514.08, 9296.55, 1578.62, 2824.37
539.084, 16433.2, 3350.28, 8936.05, 1764.3, 2276.74
534.759, 18318.7, 5791.36, 8577.75, 1978.73, 1872.01
530.504, 20702.5, 8584.87, 8202.28, 2237.29, 1554.75
526.316, 23426, 11557.6, 7818.62, 2549.09, 1391.27
522.193, 26249.1, 14592.9, 7412.61, 2935.46, 1163.47
518.135, 29266.1, 17612.9, 6986.57, 3431.73, 1106.02
514.139, 32272.2, 20567.5, 6532.53, 4077.16, 926.396
510.204, 35520.5, 23424.8, 6045.5, 4981.12, 914.437
506.329, 38904.2, 26167.4, 5523.91, 6252.78, 770.218
502.513, 42903.7, 28788.1, 4957.2, 8213.69, 770.104
498.753, 47531.3, 31292.5, 4351.23, 11051, 655.914
495.05, 52455, 33699.8, 3697.25, 14284.2, 645.991
491.4, 52879.8, 35996.2, 3019, 13199, 569.944
487.805, 48210.3, 38094.1, 2343.32, 7033.71, 565.118
484.262, 45288.6, 40015.2, 1757.63, 2658.63, 534.993
480.769, 45007.5, 41827.2, 1316.02, 965.565, 505.372
477.327, 46131.2, 43546.1, 1243.83, 484.699, 494.488
473.934, 48482.6, 45164, 2061.49, 432.07, 444.256
470.588, 52634.2, 46673.3, 4554.83, 567.468, 456.776
467.29, 59300.5, 48063.5, 9611.12, 770.052, 395.512
464.037, 68470.9, 49328.9, 17182.8, 1019.75, 422.197
460.829, 77933.2, 50480.6, 25169.1, 1290.74, 349.864
457.666, 84847.9, 51547.4, 30641.4, 1576.75, 368.319
454.545, 88282.7, 52539.5, 32766.3, 1885.79, 287.349
451.467, 89307.3, 53441, 32535.9, 2198.72, 289.218
448.43, 89093.9, 54213.8, 31228.1, 2545.64, 217.374
445.434, 88376.3, 54809.9, 29550.6, 2892.17, 200.126
442.478, 87430.1, 55163.5, 27890, 3284.66, 149.648
439.56, 86284.8, 55183, 26336.7, 3677.74, 113.969
436.681, 84812.9, 54672.9, 24959.9, 4128.42, 109.767
433.839, 82675.8, 53315.9, 23716.9, 4587.09, 98.3118
431.034, 79581, 50744.8, 22610.4, 5112.62, 222.682
428.266, 75109.4, 46578, 21597.2, 5660.16, 380.6
425.532, 69204.9, 40595.3, 20661.6, 6282.98, 885.659
422.833, 62119, 33128.1, 19774.6, 6951.35, 1503.8
420.168, 54994.8, 25375.8, 18898.5, 7701.29, 2425.72
417.537, 48995.9, 19055, 18037, 8523.55, 2778.61
414.938, 45384.3, 15365.8, 17160.2, 9417.97, 3007.64
412.371, 44186.3, 14347.1, 16308.9, 10381.8, 2646.33
409.836, 44928.3, 15240.4, 15426.1, 11314, 2534.95
407.332, 46473.7, 17165, 14563.4, 12110.6, 2147.56
404.858, 48064.3, 19475.2, 13686.2, 12397.6, 2026.8
402.414, 48938.6, 21784.9, 12954.4, 11917.7, 1780.44
400, 49171.6, 23886.2, 12494.3, 10557.3, 1646.72
